%YAML:1.0
---
Camera_Matrix: !!opencv-matrix
   rows: 3
   cols: 3
   dt: d
   data: [ 2.1102672324160512e+03, 0., 2.8523305646093684e+02, 0.,
       2.0352286770410813e+03, 2.5715948352326558e+02, 0., 0., 1. ]
Distortion_Coefficients: !!opencv-matrix
   rows: 1
   cols: 5
   dt: d
   data: [ -4.9819766374498656e-02, -2.2580561300007247e-02,
       -1.4766044843207588e-02, -4.0412268765003978e-02,
       1.1363273214242785e-01 ]
Total_Reprojection_Error: 1.7566841461854346e+00
